0.00 -3.00 1
0.00 -2.90 1
0.00 -2.80 1
0.00 -2.70 1
0.00 -2.60 1
0.00 -2.50 1
0.00 -2.40 1
0.00 -2.30 1
0.00 -2.20 1
0.00 -2.10 1
0.00 -2.00 1
0.00 -1.90 1
0.00 -1.80 1
0.00 -1.70 1
0.00 -1.60 1
0.00 -1.50 1
0.00 -1.40 1
0.00 -1.30 1
0.00 -1.20 1
0.00 -1.10 1
0.00 -1.00 1
0.00 -0.90 1
0.00 -0.80 1
0.00 -0.70 1
0.00 -0.60 1
0.00 -0.50 1
0.00 -0.40 1
0.00 -0.30 1
0.00 -0.20 1
0.00 -0.10 1
0.00 0.00 1
0.00 0.10 0
0.00 0.20 0
0.00 0.30 0
0.00 0.40 0
0.00 0.50 0
0.00 0.60 0
0.00 0.70 0
0.00 0.80 0
0.00 0.90 0
0.00 1.00 0
0.00 1.10 0
0.00 1.20 0
0.00 1.30 0
0.00 1.40 0
0.00 1.50 0
0.00 1.60 0
0.00 1.70 0
0.00 1.80 0
0.00 1.90 0
0.00 2.00 0
0.00 2.10 0
0.00 2.20 0
0.00 2.30 0
0.00 2.40 0
0.00 2.50 0
0.00 2.60 0
0.00 2.70 0
0.00 2.80 0
0.00 2.90 0
0.10 -3.00 1
0.10 -2.90 1
0.10 -2.80 1
0.10 -2.70 1
0.10 -2.60 1
0.10 -2.50 1
0.10 -2.40 1
0.10 -2.30 1
0.10 -2.20 1
0.10 -2.10 1
0.10 -2.00 1
0.10 -1.90 1
0.10 -1.80 1
0.10 -1.70 1
0.10 -1.60 1
0.10 -1.50 1
0.10 -1.40 1
0.10 -1.30 1
0.10 -1.20 1
0.10 -1.10 1
0.10 -1.00 1
0.10 -0.90 1
0.10 -0.80 1
0.10 -0.70 1
0.10 -0.60 1
0.10 -0.50 1
0.10 -0.40 1
0.10 -0.30 1
0.10 -0.20 1
0.10 -0.10 1
0.10 0.00 1
0.10 0.10 1
0.10 0.20 1
0.10 0.30 0
0.10 0.40 0
0.10 0.50 0
0.10 0.60 0
0.10 0.70 0
0.10 0.80 0
0.10 0.90 0
0.10 1.00 0
0.10 1.10 0
0.10 1.20 0
0.10 1.30 0
0.10 1.40 0
0.10 1.50 0
0.10 1.60 0
0.10 1.70 0
0.10 1.80 0
0.10 1.90 0
0.10 2.00 0
0.10 2.10 0
0.10 2.20 0
0.10 2.30 0
0.10 2.40 0
0.10 2.50 0
0.10 2.60 0
0.10 2.70 0
0.10 2.80 0
0.10 2.90 0
0.20 -3.00 1
0.20 -2.90 1
0.20 -2.80 1
0.20 -2.70 1
0.20 -2.60 1
0.20 -2.50 1
0.20 -2.40 1
0.20 -2.30 1
0.20 -2.20 1
0.20 -2.10 1
0.20 -2.00 1
0.20 -1.90 1
0.20 -1.80 1
0.20 -1.70 1
0.20 -1.60 1
0.20 -1.50 1
0.20 -1.40 1
0.20 -1.30 1
0.20 -1.20 1
0.20 -1.10 1
0.20 -1.00 1
0.20 -0.90 1
0.20 -0.80 1
0.20 -0.70 1
0.20 -0.60 1
0.20 -0.50 1
0.20 -0.40 1
0.20 -0.30 1
0.20 -0.20 1
0.20 -0.10 1
0.20 0.00 1
0.20 0.10 1
0.20 0.20 1
0.20 0.30 1
0.20 0.40 0
0.20 0.50 0
0.20 0.60 0
0.20 0.70 0
0.20 0.80 0
0.20 0.90 0
0.20 1.00 0
0.20 1.10 0
0.20 1.20 0
0.20 1.30 0
0.20 1.40 0
0.20 1.50 0
0.20 1.60 0
0.20 1.70 0
0.20 1.80 0
0.20 1.90 0
0.20 2.00 0
0.20 2.10 0
0.20 2.20 0
0.20 2.30 0
0.20 2.40 0
0.20 2.50 0
0.20 2.60 0
0.20 2.70 0
0.20 2.80 0
0.20 2.90 0
0.30 -3.00 1
0.30 -2.90 1
0.30 -2.80 1
0.30 -2.70 1
0.30 -2.60 1
0.30 -2.50 1
0.30 -2.40 1
0.30 -2.30 1
0.30 -2.20 1
0.30 -2.10 1
0.30 -2.00 1
0.30 -1.90 1
0.30 -1.80 1
0.30 -1.70 1
0.30 -1.60 1
0.30 -1.50 1
0.30 -1.40 1
0.30 -1.30 1
0.30 -1.20 1
0.30 -1.10 1
0.30 -1.00 1
0.30 -0.90 1
0.30 -0.80 1
0.30 -0.70 1
0.30 -0.60 1
0.30 -0.50 1
0.30 -0.40 1
0.30 -0.30 1
0.30 -0.20 1
0.30 -0.10 1
0.30 0.00 1
0.30 0.10 1
0.30 0.20 1
0.30 0.30 1
0.30 0.40 1
0.30 0.50 0
0.30 0.60 0
0.30 0.70 0
0.30 0.80 0
0.30 0.90 0
0.30 1.00 0
0.30 1.10 0
0.30 1.20 0
0.30 1.30 0
0.30 1.40 0
0.30 1.50 0
0.30 1.60 0
0.30 1.70 0
0.30 1.80 0
0.30 1.90 0
0.30 2.00 0
0.30 2.10 0
0.30 2.20 0
0.30 2.30 0
0.30 2.40 0
0.30 2.50 0
0.30 2.60 0
0.30 2.70 0
0.30 2.80 0
0.30 2.90 0
0.40 -3.00 1
0.40 -2.90 1
0.40 -2.80 1
0.40 -2.70 1
0.40 -2.60 1
0.40 -2.50 1
0.40 -2.40 1
0.40 -2.30 1
0.40 -2.20 1
0.40 -2.10 1
0.40 -2.00 1
0.40 -1.90 1
0.40 -1.80 1
0.40 -1.70 1
0.40 -1.60 1
0.40 -1.50 1
0.40 -1.40 1
0.40 -1.30 1
0.40 -1.20 1
0.40 -1.10 1
0.40 -1.00 1
0.40 -0.90 1
0.40 -0.80 1
0.40 -0.70 1
0.40 -0.60 1
0.40 -0.50 1
0.40 -0.40 1
0.40 -0.30 1
0.40 -0.20 1
0.40 -0.10 1
0.40 0.00 1
0.40 0.10 1
0.40 0.20 1
0.40 0.30 1
0.40 0.40 1
0.40 0.50 1
0.40 0.60 0
0.40 0.70 0
0.40 0.80 0
0.40 0.90 0
0.40 1.00 0
0.40 1.10 0
0.40 1.20 0
0.40 1.30 0
0.40 1.40 0
0.40 1.50 0
0.40 1.60 0
0.40 1.70 0
0.40 1.80 0
0.40 1.90 0
0.40 2.00 0
0.40 2.10 0
0.40 2.20 0
0.40 2.30 0
0.40 2.40 0
0.40 2.50 0
0.40 2.60 0
0.40 2.70 0
0.40 2.80 0
0.40 2.90 0
0.50 -3.00 1
0.50 -2.90 1
0.50 -2.80 1
0.50 -2.70 1
0.50 -2.60 1
0.50 -2.50 1
0.50 -2.40 1
0.50 -2.30 1
0.50 -2.20 1
0.50 -2.10 1
0.50 -2.00 1
0.50 -1.90 1
0.50 -1.80 1
0.50 -1.70 1
0.50 -1.60 1
0.50 -1.50 1
0.50 -1.40 1
0.50 -1.30 1
0.50 -1.20 1
0.50 -1.10 1
0.50 -1.00 1
0.50 -0.90 1
0.50 -0.80 1
0.50 -0.70 1
0.50 -0.60 1
0.50 -0.50 1
0.50 -0.40 1
0.50 -0.30 1
0.50 -0.20 1
0.50 -0.10 1
0.50 0.00 1
0.50 0.10 1
0.50 0.20 1
0.50 0.30 1
0.50 0.40 1
0.50 0.50 1
0.50 0.60 1
0.50 0.70 0
0.50 0.80 0
0.50 0.90 0
0.50 1.00 0
0.50 1.10 0
0.50 1.20 0
0.50 1.30 0
0.50 1.40 0
0.50 1.50 0
0.50 1.60 0
0.50 1.70 0
0.50 1.80 0
0.50 1.90 0
0.50 2.00 0
0.50 2.10 0
0.50 2.20 0
0.50 2.30 0
0.50 2.40 0
0.50 2.50 0
0.50 2.60 0
0.50 2.70 0
0.50 2.80 0
0.50 2.90 0
0.60 -3.00 1
0.60 -2.90 1
0.60 -2.80 1
0.60 -2.70 1
0.60 -2.60 1
0.60 -2.50 1
0.60 -2.40 1
0.60 -2.30 1
0.60 -2.20 1
0.60 -2.10 1
0.60 -2.00 1
0.60 -1.90 1
0.60 -1.80 1
0.60 -1.70 1
0.60 -1.60 1
0.60 -1.50 1
0.60 -1.40 1
0.60 -1.30 1
0.60 -1.20 1
0.60 -1.10 1
0.60 -1.00 1
0.60 -0.90 1
0.60 -0.80 1
0.60 -0.70 1
0.60 -0.60 1
0.60 -0.50 1
0.60 -0.40 1
0.60 -0.30 1
0.60 -0.20 1
0.60 -0.10 1
0.60 0.00 1
0.60 0.10 1
0.60 0.20 1
0.60 0.30 1
0.60 0.40 1
0.60 0.50 1
0.60 0.60 1
0.60 0.70 1
0.60 0.80 1
0.60 0.90 0
0.60 1.00 0
0.60 1.10 0
0.60 1.20 0
0.60 1.30 0
0.60 1.40 0
0.60 1.50 0
0.60 1.60 0
0.60 1.70 0
0.60 1.80 0
0.60 1.90 0
0.60 2.00 0
0.60 2.10 0
0.60 2.20 0
0.60 2.30 0
0.60 2.40 0
0.60 2.50 0
0.60 2.60 0
0.60 2.70 0
0.60 2.80 0
0.60 2.90 0
0.70 -3.00 1
0.70 -2.90 1
0.70 -2.80 1
0.70 -2.70 1
0.70 -2.60 1
0.70 -2.50 1
0.70 -2.40 1
0.70 -2.30 1
0.70 -2.20 1
0.70 -2.10 1
0.70 -2.00 1
0.70 -1.90 1
0.70 -1.80 1
0.70 -1.70 1
0.70 -1.60 1
0.70 -1.50 1
0.70 -1.40 1
0.70 -1.30 1
0.70 -1.20 1
0.70 -1.10 1
0.70 -1.00 1
0.70 -0.90 1
0.70 -0.80 1
0.70 -0.70 1
0.70 -0.60 1
0.70 -0.50 1
0.70 -0.40 1
0.70 -0.30 1
0.70 -0.20 1
0.70 -0.10 1
0.70 0.00 1
0.70 0.10 1
0.70 0.20 1
0.70 0.30 1
0.70 0.40 1
0.70 0.50 1
0.70 0.60 1
0.70 0.70 1
0.70 0.80 1
0.70 0.90 1
0.70 1.00 1
0.70 1.10 0
0.70 1.20 0
0.70 1.30 0
0.70 1.40 0
0.70 1.50 0
0.70 1.60 0
0.70 1.70 0
0.70 1.80 0
0.70 1.90 0
0.70 2.00 0
0.70 2.10 0
0.70 2.20 0
0.70 2.30 0
0.70 2.40 0
0.70 2.50 0
0.70 2.60 0
0.70 2.70 0
0.70 2.80 0
0.70 2.90 0
0.80 -3.00 1
0.80 -2.90 1
0.80 -2.80 1
0.80 -2.70 1
0.80 -2.60 1
0.80 -2.50 1
0.80 -2.40 1
0.80 -2.30 1
0.80 -2.20 1
0.80 -2.10 1
0.80 -2.00 1
0.80 -1.90 1
0.80 -1.80 1
0.80 -1.70 1
0.80 -1.60 1
0.80 -1.50 1
0.80 -1.40 1
0.80 -1.30 1
0.80 -1.20 1
0.80 -1.10 1
0.80 -1.00 1
0.80 -0.90 1
0.80 -0.80 1
0.80 -0.70 1
0.80 -0.60 1
0.80 -0.50 1
0.80 -0.40 1
0.80 -0.30 1
0.80 -0.20 1
0.80 -0.10 1
0.80 0.00 1
0.80 0.10 1
0.80 0.20 1
0.80 0.30 1
0.80 0.40 1
0.80 0.50 1
0.80 0.60 1
0.80 0.70 1
0.80 0.80 1
0.80 0.90 1
0.80 1.00 1
0.80 1.10 1
0.80 1.20 0
0.80 1.30 0
0.80 1.40 0
0.80 1.50 0
0.80 1.60 0
0.80 1.70 0
0.80 1.80 0
0.80 1.90 0
0.80 2.00 0
0.80 2.10 0
0.80 2.20 0
0.80 2.30 0
0.80 2.40 0
0.80 2.50 0
0.80 2.60 0
0.80 2.70 0
0.80 2.80 0
0.80 2.90 0
0.90 -3.00 1
0.90 -2.90 1
0.90 -2.80 1
0.90 -2.70 1
0.90 -2.60 1
0.90 -2.50 1
0.90 -2.40 1
0.90 -2.30 1
0.90 -2.20 1
0.90 -2.10 1
0.90 -2.00 1
0.90 -1.90 1
0.90 -1.80 1
0.90 -1.70 1
0.90 -1.60 1
0.90 -1.50 1
0.90 -1.40 1
0.90 -1.30 1
0.90 -1.20 1
0.90 -1.10 1
0.90 -1.00 1
0.90 -0.90 1
0.90 -0.80 1
0.90 -0.70 1
0.90 -0.60 1
0.90 -0.50 1
0.90 -0.40 1
0.90 -0.30 1
0.90 -0.20 1
0.90 -0.10 1
0.90 0.00 1
0.90 0.10 1
0.90 0.20 1
0.90 0.30 1
0.90 0.40 1
0.90 0.50 1
0.90 0.60 1
0.90 0.70 1
0.90 0.80 1
0.90 0.90 1
0.90 1.00 1
0.90 1.10 1
0.90 1.20 1
0.90 1.30 1
0.90 1.40 0
0.90 1.50 0
0.90 1.60 0
0.90 1.70 0
0.90 1.80 0
0.90 1.90 0
0.90 2.00 0
0.90 2.10 0
0.90 2.20 0
0.90 2.30 0
0.90 2.40 0
0.90 2.50 0
0.90 2.60 0
0.90 2.70 0
0.90 2.80 0
0.90 2.90 0
1.00 -3.00 1
1.00 -2.90 1
1.00 -2.80 1
1.00 -2.70 1
1.00 -2.60 1
1.00 -2.50 1
1.00 -2.40 1
1.00 -2.30 1
1.00 -2.20 1
1.00 -2.10 1
1.00 -2.00 1
1.00 -1.90 1
1.00 -1.80 1
1.00 -1.70 1
1.00 -1.60 1
1.00 -1.50 1
1.00 -1.40 1
1.00 -1.30 1
1.00 -1.20 1
1.00 -1.10 1
1.00 -1.00 1
1.00 -0.90 1
1.00 -0.80 1
1.00 -0.70 1
1.00 -0.60 1
1.00 -0.50 1
1.00 -0.40 1
1.00 -0.30 1
1.00 -0.20 1
1.00 -0.10 1
1.00 0.00 1
1.00 0.10 1
1.00 0.20 1
1.00 0.30 1
1.00 0.40 1
1.00 0.50 1
1.00 0.60 1
1.00 0.70 1
1.00 0.80 1
1.00 0.90 1
1.00 1.00 1
1.00 1.10 1
1.00 1.20 1
1.00 1.30 1
1.00 1.40 1
1.00 1.50 1
1.00 1.60 0
1.00 1.70 0
1.00 1.80 0
1.00 1.90 0
1.00 2.00 0
1.00 2.10 0
1.00 2.20 0
1.00 2.30 0
1.00 2.40 0
1.00 2.50 0
1.00 2.60 0
1.00 2.70 0
1.00 2.80 0
1.00 2.90 0
1.10 -3.00 1
1.10 -2.90 1
1.10 -2.80 1
1.10 -2.70 1
1.10 -2.60 1
1.10 -2.50 1
1.10 -2.40 1
1.10 -2.30 1
1.10 -2.20 1
1.10 -2.10 1
1.10 -2.00 1
1.10 -1.90 1
1.10 -1.80 1
1.10 -1.70 1
1.10 -1.60 1
1.10 -1.50 1
1.10 -1.40 1
1.10 -1.30 1
1.10 -1.20 1
1.10 -1.10 1
1.10 -1.00 1
1.10 -0.90 1
1.10 -0.80 1
1.10 -0.70 1
1.10 -0.60 1
1.10 -0.50 1
1.10 -0.40 1
1.10 -0.30 1
1.10 -0.20 1
1.10 -0.10 1
1.10 0.00 1
1.10 0.10 1
1.10 0.20 1
1.10 0.30 1
1.10 0.40 1
1.10 0.50 1
1.10 0.60 1
1.10 0.70 1
1.10 0.80 1
1.10 0.90 1
1.10 1.00 1
1.10 1.10 1
1.10 1.20 1
1.10 1.30 1
1.10 1.40 1
1.10 1.50 1
1.10 1.60 1
1.10 1.70 0
1.10 1.80 0
1.10 1.90 0
1.10 2.00 0
1.10 2.10 0
1.10 2.20 0
1.10 2.30 0
1.10 2.40 0
1.10 2.50 0
1.10 2.60 0
1.10 2.70 0
1.10 2.80 0
1.10 2.90 0
1.20 -3.00 1
1.20 -2.90 1
1.20 -2.80 1
1.20 -2.70 1
1.20 -2.60 1
1.20 -2.50 1
1.20 -2.40 1
1.20 -2.30 1
1.20 -2.20 1
1.20 -2.10 1
1.20 -2.00 1
1.20 -1.90 1
1.20 -1.80 1
1.20 -1.70 1
1.20 -1.60 1
1.20 -1.50 1
1.20 -1.40 1
1.20 -1.30 1
1.20 -1.20 1
1.20 -1.10 1
1.20 -1.00 1
1.20 -0.90 1
1.20 -0.80 1
1.20 -0.70 1
1.20 -0.60 1
1.20 -0.50 1
1.20 -0.40 1
1.20 -0.30 1
1.20 -0.20 1
1.20 -0.10 1
1.20 0.00 1
1.20 0.10 1
1.20 0.20 1
1.20 0.30 1
1.20 0.40 1
1.20 0.50 1
1.20 0.60 1
1.20 0.70 1
1.20 0.80 1
1.20 0.90 1
1.20 1.00 1
1.20 1.10 1
1.20 1.20 1
1.20 1.30 1
1.20 1.40 1
1.20 1.50 1
1.20 1.60 1
1.20 1.70 1
1.20 1.80 1
1.20 1.90 0
1.20 2.00 0
1.20 2.10 0
1.20 2.20 0
1.20 2.30 0
1.20 2.40 0
1.20 2.50 0
1.20 2.60 0
1.20 2.70 0
1.20 2.80 0
1.20 2.90 0
1.30 -3.00 1
1.30 -2.90 1
1.30 -2.80 1
1.30 -2.70 1
1.30 -2.60 1
1.30 -2.50 1
1.30 -2.40 1
1.30 -2.30 1
1.30 -2.20 1
1.30 -2.10 1
1.30 -2.00 1
1.30 -1.90 1
1.30 -1.80 1
1.30 -1.70 1
1.30 -1.60 1
1.30 -1.50 1
1.30 -1.40 1
1.30 -1.30 1
1.30 -1.20 1
1.30 -1.10 1
1.30 -1.00 1
1.30 -0.90 1
1.30 -0.80 1
1.30 -0.70 1
1.30 -0.60 1
1.30 -0.50 1
1.30 -0.40 1
1.30 -0.30 1
1.30 -0.20 1
1.30 -0.10 1
1.30 0.00 1
1.30 0.10 1
1.30 0.20 1
1.30 0.30 1
1.30 0.40 1
1.30 0.50 1
1.30 0.60 1
1.30 0.70 1
1.30 0.80 1
1.30 0.90 1
1.30 1.00 1
1.30 1.10 1
1.30 1.20 1
1.30 1.30 1
1.30 1.40 1
1.30 1.50 1
1.30 1.60 1
1.30 1.70 1
1.30 1.80 1
1.30 1.90 1
1.30 2.00 0
1.30 2.10 0
1.30 2.20 0
1.30 2.30 0
1.30 2.40 0
1.30 2.50 0
1.30 2.60 0
1.30 2.70 0
1.30 2.80 0
1.30 2.90 0
1.40 -3.00 1
1.40 -2.90 1
1.40 -2.80 1
1.40 -2.70 1
1.40 -2.60 1
1.40 -2.50 1
1.40 -2.40 1
1.40 -2.30 1
1.40 -2.20 1
1.40 -2.10 1
1.40 -2.00 1
1.40 -1.90 1
1.40 -1.80 1
1.40 -1.70 1
1.40 -1.60 1
1.40 -1.50 1
1.40 -1.40 1
1.40 -1.30 1
1.40 -1.20 1
1.40 -1.10 1
1.40 -1.00 1
1.40 -0.90 1
1.40 -0.80 1
1.40 -0.70 1
1.40 -0.60 1
1.40 -0.50 1
1.40 -0.40 1
1.40 -0.30 1
1.40 -0.20 1
1.40 -0.10 1
1.40 0.00 1
1.40 0.10 1
1.40 0.20 1
1.40 0.30 1
1.40 0.40 1
1.40 0.50 1
1.40 0.60 1
1.40 0.70 1
1.40 0.80 1
1.40 0.90 1
1.40 1.00 1
1.40 1.10 1
1.40 1.20 1
1.40 1.30 1
1.40 1.40 1
1.40 1.50 1
1.40 1.60 1
1.40 1.70 1
1.40 1.80 1
1.40 1.90 1
1.40 2.00 1
1.40 2.10 1
1.40 2.20 0
1.40 2.30 0
1.40 2.40 0
1.40 2.50 0
1.40 2.60 0
1.40 2.70 0
1.40 2.80 0
1.40 2.90 0
1.50 -3.00 1
1.50 -2.90 1
1.50 -2.80 1
1.50 -2.70 1
1.50 -2.60 1
1.50 -2.50 1
1.50 -2.40 1
1.50 -2.30 1
1.50 -2.20 1
1.50 -2.10 1
1.50 -2.00 1
1.50 -1.90 1
1.50 -1.80 1
1.50 -1.70 1
1.50 -1.60 1
1.50 -1.50 1
1.50 -1.40 1
1.50 -1.30 1
1.50 -1.20 1
1.50 -1.10 1
1.50 -1.00 1
1.50 -0.90 1
1.50 -0.80 1
1.50 -0.70 1
1.50 -0.60 1
1.50 -0.50 1
1.50 -0.40 1
1.50 -0.30 1
1.50 -0.20 1
1.50 -0.10 1
1.50 0.00 1
1.50 0.10 1
1.50 0.20 1
1.50 0.30 1
1.50 0.40 1
1.50 0.50 1
1.50 0.60 1
1.50 0.70 1
1.50 0.80 1
1.50 0.90 1
1.50 1.00 1
1.50 1.10 1
1.50 1.20 1
1.50 1.30 1
1.50 1.40 1
1.50 1.50 1
1.50 1.60 1
1.50 1.70 1
1.50 1.80 1
1.50 1.90 1
1.50 2.00 1
1.50 2.10 1
1.50 2.20 1
1.50 2.30 1
1.50 2.40 0
1.50 2.50 0
1.50 2.60 0
1.50 2.70 0
1.50 2.80 0
1.50 2.90 0
1.60 -3.00 1
1.60 -2.90 1
1.60 -2.80 1
1.60 -2.70 1
1.60 -2.60 1
1.60 -2.50 1
1.60 -2.40 1
1.60 -2.30 1
1.60 -2.20 1
1.60 -2.10 1
1.60 -2.00 1
1.60 -1.90 1
1.60 -1.80 1
1.60 -1.70 1
1.60 -1.60 1
1.60 -1.50 1
1.60 -1.40 1
1.60 -1.30 1
1.60 -1.20 1
1.60 -1.10 1
1.60 -1.00 1
1.60 -0.90 1
1.60 -0.80 1
1.60 -0.70 1
1.60 -0.60 1
1.60 -0.50 1
1.60 -0.40 1
1.60 -0.30 1
1.60 -0.20 1
1.60 -0.10 1
1.60 0.00 1
1.60 0.10 1
1.60 0.20 1
1.60 0.30 1
1.60 0.40 1
1.60 0.50 1
1.60 0.60 1
1.60 0.70 1
1.60 0.80 1
1.60 0.90 1
1.60 1.00 1
1.60 1.10 1
1.60 1.20 1
1.60 1.30 1
1.60 1.40 1
1.60 1.50 1
1.60 1.60 1
1.60 1.70 1
1.60 1.80 1
1.60 1.90 1
1.60 2.00 1
1.60 2.10 1
1.60 2.20 1
1.60 2.30 1
1.60 2.40 1
1.60 2.50 0
1.60 2.60 0
1.60 2.70 0
1.60 2.80 0
1.60 2.90 0
1.70 -3.00 1
1.70 -2.90 1
1.70 -2.80 1
1.70 -2.70 1
1.70 -2.60 1
1.70 -2.50 1
1.70 -2.40 1
1.70 -2.30 1
1.70 -2.20 1
1.70 -2.10 1
1.70 -2.00 1
1.70 -1.90 1
1.70 -1.80 1
1.70 -1.70 1
1.70 -1.60 1
1.70 -1.50 1
1.70 -1.40 1
1.70 -1.30 1
1.70 -1.20 1
1.70 -1.10 1
1.70 -1.00 1
1.70 -0.90 1
1.70 -0.80 1
1.70 -0.70 1
1.70 -0.60 1
1.70 -0.50 1
1.70 -0.40 1
1.70 -0.30 1
1.70 -0.20 1
1.70 -0.10 1
1.70 0.00 1
1.70 0.10 1
1.70 0.20 1
1.70 0.30 1
1.70 0.40 1
1.70 0.50 1
1.70 0.60 1
1.70 0.70 1
1.70 0.80 1
1.70 0.90 1
1.70 1.00 1
1.70 1.10 1
1.70 1.20 1
1.70 1.30 1
1.70 1.40 1
1.70 1.50 1
1.70 1.60 1
1.70 1.70 1
1.70 1.80 1
1.70 1.90 1
1.70 2.00 1
1.70 2.10 1
1.70 2.20 1
1.70 2.30 1
1.70 2.40 1
1.70 2.50 1
1.70 2.60 1
1.70 2.70 0
1.70 2.80 0
1.70 2.90 0
1.80 -3.00 1
1.80 -2.90 1
1.80 -2.80 1
1.80 -2.70 1
1.80 -2.60 1
1.80 -2.50 1
1.80 -2.40 1
1.80 -2.30 1
1.80 -2.20 1
1.80 -2.10 1
1.80 -2.00 1
1.80 -1.90 1
1.80 -1.80 1
1.80 -1.70 1
1.80 -1.60 1
1.80 -1.50 1
1.80 -1.40 1
1.80 -1.30 1
1.80 -1.20 1
1.80 -1.10 1
1.80 -1.00 1
1.80 -0.90 1
1.80 -0.80 1
1.80 -0.70 1
1.80 -0.60 1
1.80 -0.50 1
1.80 -0.40 1
1.80 -0.30 1
1.80 -0.20 1
1.80 -0.10 1
1.80 0.00 1
1.80 0.10 1
1.80 0.20 1
1.80 0.30 1
1.80 0.40 1
1.80 0.50 1
1.80 0.60 1
1.80 0.70 1
1.80 0.80 1
1.80 0.90 1
1.80 1.00 1
1.80 1.10 1
1.80 1.20 1
1.80 1.30 1
1.80 1.40 1
1.80 1.50 1
1.80 1.60 1
1.80 1.70 1
1.80 1.80 1
1.80 1.90 1
1.80 2.00 1
1.80 2.10 1
1.80 2.20 1
1.80 2.30 1
1.80 2.40 1
1.80 2.50 1
1.80 2.60 1
1.80 2.70 1
1.80 2.80 1
1.80 2.90 0
1.90 -3.00 1
1.90 -2.90 1
1.90 -2.80 1
1.90 -2.70 1
1.90 -2.60 1
1.90 -2.50 1
1.90 -2.40 1
1.90 -2.30 1
1.90 -2.20 1
1.90 -2.10 1
1.90 -2.00 1
1.90 -1.90 1
1.90 -1.80 1
1.90 -1.70 1
1.90 -1.60 1
1.90 -1.50 1
1.90 -1.40 1
1.90 -1.30 1
1.90 -1.20 1
1.90 -1.10 1
1.90 -1.00 1
1.90 -0.90 1
1.90 -0.80 1
1.90 -0.70 1
1.90 -0.60 1
1.90 -0.50 1
1.90 -0.40 1
1.90 -0.30 1
1.90 -0.20 1
1.90 -0.10 1
1.90 0.00 1
1.90 0.10 1
1.90 0.20 1
1.90 0.30 1
1.90 0.40 1
1.90 0.50 1
1.90 0.60 1
1.90 0.70 1
1.90 0.80 1
1.90 0.90 1
1.90 1.00 1
1.90 1.10 1
1.90 1.20 1
1.90 1.30 1
1.90 1.40 1
1.90 1.50 1
1.90 1.60 1
1.90 1.70 1
1.90 1.80 1
1.90 1.90 1
1.90 2.00 1
1.90 2.10 1
1.90 2.20 1
1.90 2.30 1
1.90 2.40 1
1.90 2.50 1
1.90 2.60 1
1.90 2.70 1
1.90 2.80 1
1.90 2.90 1
2.00 -3.00 1
2.00 -2.90 1
2.00 -2.80 1
2.00 -2.70 1
2.00 -2.60 1
2.00 -2.50 1
2.00 -2.40 1
2.00 -2.30 1
2.00 -2.20 1
2.00 -2.10 1
2.00 -2.00 1
2.00 -1.90 1
2.00 -1.80 1
2.00 -1.70 1
2.00 -1.60 1
2.00 -1.50 1
2.00 -1.40 1
2.00 -1.30 1
2.00 -1.20 1
2.00 -1.10 1
2.00 -1.00 1
2.00 -0.90 1
2.00 -0.80 1
2.00 -0.70 1
2.00 -0.60 1
2.00 -0.50 1
2.00 -0.40 1
2.00 -0.30 1
2.00 -0.20 1
2.00 -0.10 1
2.00 0.00 1
2.00 0.10 1
2.00 0.20 1
2.00 0.30 1
2.00 0.40 1
2.00 0.50 1
2.00 0.60 1
2.00 0.70 1
2.00 0.80 1
2.00 0.90 1
2.00 1.00 1
2.00 1.10 1
2.00 1.20 1
2.00 1.30 1
2.00 1.40 1
2.00 1.50 1
2.00 1.60 1
2.00 1.70 1
2.00 1.80 1
2.00 1.90 1
2.00 2.00 1
2.00 2.10 1
2.00 2.20 1
2.00 2.30 1
2.00 2.40 1
2.00 2.50 1
2.00 2.60 1
2.00 2.70 1
2.00 2.80 1
2.00 2.90 1
2.10 -3.00 1
2.10 -2.90 1
2.10 -2.80 1
2.10 -2.70 1
2.10 -2.60 1
2.10 -2.50 1
2.10 -2.40 1
2.10 -2.30 1
2.10 -2.20 1
2.10 -2.10 1
2.10 -2.00 1
2.10 -1.90 1
2.10 -1.80 1
2.10 -1.70 1
2.10 -1.60 1
2.10 -1.50 1
2.10 -1.40 1
2.10 -1.30 1
2.10 -1.20 1
2.10 -1.10 1
2.10 -1.00 1
2.10 -0.90 1
2.10 -0.80 1
2.10 -0.70 1
2.10 -0.60 1
2.10 -0.50 1
2.10 -0.40 1
2.10 -0.30 1
2.10 -0.20 1
2.10 -0.10 1
2.10 0.00 1
2.10 0.10 1
2.10 0.20 1
2.10 0.30 1
2.10 0.40 1
2.10 0.50 1
2.10 0.60 1
2.10 0.70 1
2.10 0.80 1
2.10 0.90 1
2.10 1.00 1
2.10 1.10 1
2.10 1.20 1
2.10 1.30 1
2.10 1.40 1
2.10 1.50 1
2.10 1.60 1
2.10 1.70 1
2.10 1.80 1
2.10 1.90 1
2.10 2.00 1
2.10 2.10 1
2.10 2.20 1
2.10 2.30 1
2.10 2.40 1
2.10 2.50 1
2.10 2.60 1
2.10 2.70 1
2.10 2.80 1
2.10 2.90 1
2.20 -3.00 1
2.20 -2.90 1
2.20 -2.80 1
2.20 -2.70 1
2.20 -2.60 1
2.20 -2.50 1
2.20 -2.40 1
2.20 -2.30 1
2.20 -2.20 1
2.20 -2.10 1
2.20 -2.00 1
2.20 -1.90 1
2.20 -1.80 1
2.20 -1.70 1
2.20 -1.60 1
2.20 -1.50 1
2.20 -1.40 1
2.20 -1.30 1
2.20 -1.20 1
2.20 -1.10 1
2.20 -1.00 1
2.20 -0.90 1
2.20 -0.80 1
2.20 -0.70 1
2.20 -0.60 1
2.20 -0.50 1
2.20 -0.40 1
2.20 -0.30 1
2.20 -0.20 1
2.20 -0.10 1
2.20 0.00 1
2.20 0.10 1
2.20 0.20 1
2.20 0.30 1
2.20 0.40 1
2.20 0.50 1
2.20 0.60 1
2.20 0.70 1
2.20 0.80 1
2.20 0.90 1
2.20 1.00 1
2.20 1.10 1
2.20 1.20 1
2.20 1.30 1
2.20 1.40 1
2.20 1.50 1
2.20 1.60 1
2.20 1.70 1
2.20 1.80 1
2.20 1.90 1
2.20 2.00 1
2.20 2.10 1
2.20 2.20 1
2.20 2.30 1
2.20 2.40 1
2.20 2.50 1
2.20 2.60 1
2.20 2.70 1
2.20 2.80 1
2.20 2.90 1
2.30 -3.00 1
2.30 -2.90 1
2.30 -2.80 1
2.30 -2.70 1
2.30 -2.60 1
2.30 -2.50 1
2.30 -2.40 1
2.30 -2.30 1
2.30 -2.20 1
2.30 -2.10 1
2.30 -2.00 1
2.30 -1.90 1
2.30 -1.80 1
2.30 -1.70 1
2.30 -1.60 1
2.30 -1.50 1
2.30 -1.40 1
2.30 -1.30 1
2.30 -1.20 1
2.30 -1.10 1
2.30 -1.00 1
2.30 -0.90 1
2.30 -0.80 1
2.30 -0.70 1
2.30 -0.60 1
2.30 -0.50 1
2.30 -0.40 1
2.30 -0.30 1
2.30 -0.20 1
2.30 -0.10 1
2.30 0.00 1
2.30 0.10 1
2.30 0.20 1
2.30 0.30 1
2.30 0.40 1
2.30 0.50 1
2.30 0.60 1
2.30 0.70 1
2.30 0.80 1
2.30 0.90 1
2.30 1.00 1
2.30 1.10 1
2.30 1.20 1
2.30 1.30 1
2.30 1.40 1
2.30 1.50 1
2.30 1.60 1
2.30 1.70 1
2.30 1.80 1
2.30 1.90 1
2.30 2.00 1
2.30 2.10 1
2.30 2.20 1
2.30 2.30 1
2.30 2.40 1
2.30 2.50 1
2.30 2.60 1
2.30 2.70 1
2.30 2.80 1
2.30 2.90 1
2.40 -3.00 1
2.40 -2.90 1
2.40 -2.80 1
2.40 -2.70 1
2.40 -2.60 1
2.40 -2.50 1
2.40 -2.40 1
2.40 -2.30 1
2.40 -2.20 1
2.40 -2.10 1
2.40 -2.00 1
2.40 -1.90 1
2.40 -1.80 1
2.40 -1.70 1
2.40 -1.60 1
2.40 -1.50 1
2.40 -1.40 1
2.40 -1.30 1
2.40 -1.20 1
2.40 -1.10 1
2.40 -1.00 1
2.40 -0.90 1
2.40 -0.80 1
2.40 -0.70 1
2.40 -0.60 1
2.40 -0.50 1
2.40 -0.40 1
2.40 -0.30 1
2.40 -0.20 1
2.40 -0.10 1
2.40 0.00 1
2.40 0.10 1
2.40 0.20 1
2.40 0.30 1
2.40 0.40 1
2.40 0.50 1
2.40 0.60 1
2.40 0.70 1
2.40 0.80 1
2.40 0.90 1
2.40 1.00 1
2.40 1.10 1
2.40 1.20 1
2.40 1.30 1
2.40 1.40 1
2.40 1.50 1
2.40 1.60 1
2.40 1.70 1
2.40 1.80 1
2.40 1.90 1
2.40 2.00 1
2.40 2.10 1
2.40 2.20 1
2.40 2.30 1
2.40 2.40 1
2.40 2.50 1
2.40 2.60 1
2.40 2.70 1
2.40 2.80 1
2.40 2.90 1
2.50 -3.00 1
2.50 -2.90 1
2.50 -2.80 1
2.50 -2.70 1
2.50 -2.60 1
2.50 -2.50 1
2.50 -2.40 1
2.50 -2.30 1
2.50 -2.20 1
2.50 -2.10 1
2.50 -2.00 1
2.50 -1.90 1
2.50 -1.80 1
2.50 -1.70 1
2.50 -1.60 1
2.50 -1.50 1
2.50 -1.40 1
2.50 -1.30 1
2.50 -1.20 1
2.50 -1.10 1
2.50 -1.00 1
2.50 -0.90 1
2.50 -0.80 1
2.50 -0.70 1
2.50 -0.60 1
2.50 -0.50 1
2.50 -0.40 1
2.50 -0.30 1
2.50 -0.20 1
2.50 -0.10 1
2.50 0.00 1
2.50 0.10 1
2.50 0.20 1
2.50 0.30 1
2.50 0.40 1
2.50 0.50 1
2.50 0.60 1
2.50 0.70 1
2.50 0.80 1
2.50 0.90 1
2.50 1.00 1
2.50 1.10 1
2.50 1.20 1
2.50 1.30 1
2.50 1.40 1
2.50 1.50 1
2.50 1.60 1
2.50 1.70 1
2.50 1.80 1
2.50 1.90 1
2.50 2.00 1
2.50 2.10 1
2.50 2.20 1
2.50 2.30 1
2.50 2.40 1
2.50 2.50 1
2.50 2.60 1
2.50 2.70 1
2.50 2.80 1
2.50 2.90 1
2.60 -3.00 1
2.60 -2.90 1
2.60 -2.80 1
2.60 -2.70 1
2.60 -2.60 1
2.60 -2.50 1
2.60 -2.40 1
2.60 -2.30 1
2.60 -2.20 1
2.60 -2.10 1
2.60 -2.00 1
2.60 -1.90 1
2.60 -1.80 1
2.60 -1.70 1
2.60 -1.60 1
2.60 -1.50 1
2.60 -1.40 1
2.60 -1.30 1
2.60 -1.20 1
2.60 -1.10 1
2.60 -1.00 1
2.60 -0.90 1
2.60 -0.80 1
2.60 -0.70 1
2.60 -0.60 1
2.60 -0.50 1
2.60 -0.40 1
2.60 -0.30 1
2.60 -0.20 1
2.60 -0.10 1
2.60 0.00 1
2.60 0.10 1
2.60 0.20 1
2.60 0.30 1
2.60 0.40 1
2.60 0.50 1
2.60 0.60 1
2.60 0.70 1
2.60 0.80 1
2.60 0.90 1
2.60 1.00 1
2.60 1.10 1
2.60 1.20 1
2.60 1.30 1
2.60 1.40 1
2.60 1.50 1
2.60 1.60 1
2.60 1.70 1
2.60 1.80 1
2.60 1.90 1
2.60 2.00 1
2.60 2.10 1
2.60 2.20 1
2.60 2.30 1
2.60 2.40 1
2.60 2.50 1
2.60 2.60 1
2.60 2.70 1
2.60 2.80 1
2.60 2.90 1
2.70 -3.00 1
2.70 -2.90 1
2.70 -2.80 1
2.70 -2.70 1
2.70 -2.60 1
2.70 -2.50 1
2.70 -2.40 1
2.70 -2.30 1
2.70 -2.20 1
2.70 -2.10 1
2.70 -2.00 1
2.70 -1.90 1
2.70 -1.80 1
2.70 -1.70 1
2.70 -1.60 1
2.70 -1.50 1
2.70 -1.40 1
2.70 -1.30 1
2.70 -1.20 1
2.70 -1.10 1
2.70 -1.00 1
2.70 -0.90 1
2.70 -0.80 1
2.70 -0.70 1
2.70 -0.60 1
2.70 -0.50 1
2.70 -0.40 1
2.70 -0.30 1
2.70 -0.20 1
2.70 -0.10 1
2.70 0.00 1
2.70 0.10 1
2.70 0.20 1
2.70 0.30 1
2.70 0.40 1
2.70 0.50 1
2.70 0.60 1
2.70 0.70 1
2.70 0.80 1
2.70 0.90 1
2.70 1.00 1
2.70 1.10 1
2.70 1.20 1
2.70 1.30 1
2.70 1.40 1
2.70 1.50 1
2.70 1.60 1
2.70 1.70 1
2.70 1.80 1
2.70 1.90 1
2.70 2.00 1
2.70 2.10 1
2.70 2.20 1
2.70 2.30 1
2.70 2.40 1
2.70 2.50 1
2.70 2.60 1
2.70 2.70 1
2.70 2.80 1
2.70 2.90 1
2.80 -3.00 1
2.80 -2.90 1
2.80 -2.80 1
2.80 -2.70 1
2.80 -2.60 1
2.80 -2.50 1
2.80 -2.40 1
2.80 -2.30 1
2.80 -2.20 1
2.80 -2.10 1
2.80 -2.00 1
2.80 -1.90 1
2.80 -1.80 1
2.80 -1.70 1
2.80 -1.60 1
2.80 -1.50 1
2.80 -1.40 1
2.80 -1.30 1
2.80 -1.20 1
2.80 -1.10 1
2.80 -1.00 1
2.80 -0.90 1
2.80 -0.80 1
2.80 -0.70 1
2.80 -0.60 1
2.80 -0.50 1
2.80 -0.40 1
2.80 -0.30 1
2.80 -0.20 1
2.80 -0.10 1
2.80 0.00 1
2.80 0.10 1
2.80 0.20 1
2.80 0.30 1
2.80 0.40 1
2.80 0.50 1
2.80 0.60 1
2.80 0.70 1
2.80 0.80 1
2.80 0.90 1
2.80 1.00 1
2.80 1.10 1
2.80 1.20 1
2.80 1.30 1
2.80 1.40 1
2.80 1.50 1
2.80 1.60 1
2.80 1.70 1
2.80 1.80 1
2.80 1.90 1
2.80 2.00 1
2.80 2.10 1
2.80 2.20 1
2.80 2.30 1
2.80 2.40 1
2.80 2.50 1
2.80 2.60 1
2.80 2.70 1
2.80 2.80 1
2.80 2.90 1
2.90 -3.00 1
2.90 -2.90 1
2.90 -2.80 1
2.90 -2.70 1
2.90 -2.60 1
2.90 -2.50 1
2.90 -2.40 1
2.90 -2.30 1
2.90 -2.20 1
2.90 -2.10 1
2.90 -2.00 1
2.90 -1.90 1
2.90 -1.80 1
2.90 -1.70 1
2.90 -1.60 1
2.90 -1.50 1
2.90 -1.40 1
2.90 -1.30 1
2.90 -1.20 1
2.90 -1.10 1
2.90 -1.00 1
2.90 -0.90 1
2.90 -0.80 1
2.90 -0.70 1
2.90 -0.60 1
2.90 -0.50 1
2.90 -0.40 1
2.90 -0.30 1
2.90 -0.20 1
2.90 -0.10 1
2.90 0.00 1
2.90 0.10 1
2.90 0.20 1
2.90 0.30 1
2.90 0.40 1
2.90 0.50 1
2.90 0.60 1
2.90 0.70 1
2.90 0.80 1
2.90 0.90 1
2.90 1.00 1
2.90 1.10 1
2.90 1.20 1
2.90 1.30 1
2.90 1.40 1
2.90 1.50 1
2.90 1.60 1
2.90 1.70 1
2.90 1.80 1
2.90 1.90 1
2.90 2.00 1
2.90 2.10 1
2.90 2.20 1
2.90 2.30 1
2.90 2.40 1
2.90 2.50 1
2.90 2.60 1
2.90 2.70 1
2.90 2.80 1
2.90 2.90 1
-3.00 -3.00 0
-3.00 -2.90 0
-3.00 -2.80 0
-3.00 -2.70 0
-3.00 -2.60 0
-3.00 -2.50 0
-3.00 -2.40 0
-3.00 -2.30 0
-3.00 -2.20 0
-3.00 -2.10 0
-3.00 -2.00 0
-3.00 -1.90 0
-3.00 -1.80 0
-3.00 -1.70 0
-3.00 -1.60 0
-3.00 -1.50 0
-3.00 -1.40 0
-3.00 -1.30 0
-3.00 -1.20 0
-3.00 -1.10 0
-3.00 -1.00 0
-3.00 -0.90 0
-3.00 -0.80 0
-3.00 -0.70 0
-3.00 -0.60 0
-3.00 -0.50 0
-3.00 -0.40 0
-3.00 -0.30 0
-3.00 -0.20 0
-3.00 -0.10 0
-3.00 0.00 0
-3.00 0.10 0
-3.00 0.20 0
-3.00 0.30 0
-3.00 0.40 0
-3.00 0.50 0
-3.00 0.60 0
-3.00 0.70 0
-3.00 0.80 0
-3.00 0.90 0
-3.00 1.00 0
-3.00 1.10 0
-3.00 1.20 0
-3.00 1.30 0
-3.00 1.40 0
-3.00 1.50 0
-3.00 1.60 0
-3.00 1.70 0
-3.00 1.80 0
-3.00 1.90 0
-3.00 2.00 0
-3.00 2.10 0
-3.00 2.20 0
-3.00 2.30 0
-3.00 2.40 0
-3.00 2.50 0
-3.00 2.60 0
-3.00 2.70 0
-3.00 2.80 0
-3.00 2.90 0
-2.90 -3.00 0
-2.90 -2.90 0
-2.90 -2.80 0
-2.90 -2.70 0
-2.90 -2.60 0
-2.90 -2.50 0
-2.90 -2.40 0
-2.90 -2.30 0
-2.90 -2.20 0
-2.90 -2.10 0
-2.90 -2.00 0
-2.90 -1.90 0
-2.90 -1.80 0
-2.90 -1.70 0
-2.90 -1.60 0
-2.90 -1.50 0
-2.90 -1.40 0
-2.90 -1.30 0
-2.90 -1.20 0
-2.90 -1.10 0
-2.90 -1.00 0
-2.90 -0.90 0
-2.90 -0.80 0
-2.90 -0.70 0
-2.90 -0.60 0
-2.90 -0.50 0
-2.90 -0.40 0
-2.90 -0.30 0
-2.90 -0.20 0
-2.90 -0.10 0
-2.90 0.00 0
-2.90 0.10 0
-2.90 0.20 0
-2.90 0.30 0
-2.90 0.40 0
-2.90 0.50 0
-2.90 0.60 0
-2.90 0.70 0
-2.90 0.80 0
-2.90 0.90 0
-2.90 1.00 0
-2.90 1.10 0
-2.90 1.20 0
-2.90 1.30 0
-2.90 1.40 0
-2.90 1.50 0
-2.90 1.60 0
-2.90 1.70 0
-2.90 1.80 0
-2.90 1.90 0
-2.90 2.00 0
-2.90 2.10 0
-2.90 2.20 0
-2.90 2.30 0
-2.90 2.40 0
-2.90 2.50 0
-2.90 2.60 0
-2.90 2.70 0
-2.90 2.80 0
-2.90 2.90 0
-2.80 -3.00 0
-2.80 -2.90 0
-2.80 -2.80 0
-2.80 -2.70 0
-2.80 -2.60 0
-2.80 -2.50 0
-2.80 -2.40 0
-2.80 -2.30 0
-2.80 -2.20 0
-2.80 -2.10 0
-2.80 -2.00 0
-2.80 -1.90 0
-2.80 -1.80 0
-2.80 -1.70 0
-2.80 -1.60 0
-2.80 -1.50 0
-2.80 -1.40 0
-2.80 -1.30 0
-2.80 -1.20 0
-2.80 -1.10 0
-2.80 -1.00 0
-2.80 -0.90 0
-2.80 -0.80 0
-2.80 -0.70 0
-2.80 -0.60 0
-2.80 -0.50 0
-2.80 -0.40 0
-2.80 -0.30 0
-2.80 -0.20 0
-2.80 -0.10 0
-2.80 0.00 0
-2.80 0.10 0
-2.80 0.20 0
-2.80 0.30 0
-2.80 0.40 0
-2.80 0.50 0
-2.80 0.60 0
-2.80 0.70 0
-2.80 0.80 0
-2.80 0.90 0
-2.80 1.00 0
-2.80 1.10 0
-2.80 1.20 0
-2.80 1.30 0
-2.80 1.40 0
-2.80 1.50 0
-2.80 1.60 0
-2.80 1.70 0
-2.80 1.80 0
-2.80 1.90 0
-2.80 2.00 0
-2.80 2.10 0
-2.80 2.20 0
-2.80 2.30 0
-2.80 2.40 0
-2.80 2.50 0
-2.80 2.60 0
-2.80 2.70 0
-2.80 2.80 0
-2.80 2.90 0
-2.70 -3.00 0
-2.70 -2.90 0
-2.70 -2.80 0
-2.70 -2.70 0
-2.70 -2.60 0
-2.70 -2.50 0
-2.70 -2.40 0
-2.70 -2.30 0
-2.70 -2.20 0
-2.70 -2.10 0
-2.70 -2.00 0
-2.70 -1.90 0
-2.70 -1.80 0
-2.70 -1.70 0
-2.70 -1.60 0
-2.70 -1.50 0
-2.70 -1.40 0
-2.70 -1.30 0
-2.70 -1.20 0
-2.70 -1.10 0
-2.70 -1.00 0
-2.70 -0.90 0
-2.70 -0.80 0
-2.70 -0.70 0
-2.70 -0.60 0
-2.70 -0.50 0
-2.70 -0.40 0
-2.70 -0.30 0
-2.70 -0.20 0
-2.70 -0.10 0
-2.70 0.00 0
-2.70 0.10 0
-2.70 0.20 0
-2.70 0.30 0
-2.70 0.40 0
-2.70 0.50 0
-2.70 0.60 0
-2.70 0.70 0
-2.70 0.80 0
-2.70 0.90 0
-2.70 1.00 0
-2.70 1.10 0
-2.70 1.20 0
-2.70 1.30 0
-2.70 1.40 0
-2.70 1.50 0
-2.70 1.60 0
-2.70 1.70 0
-2.70 1.80 0
-2.70 1.90 0
-2.70 2.00 0
-2.70 2.10 0
-2.70 2.20 0
-2.70 2.30 0
-2.70 2.40 0
-2.70 2.50 0
-2.70 2.60 0
-2.70 2.70 0
-2.70 2.80 0
-2.70 2.90 0
-2.60 -3.00 0
-2.60 -2.90 0
-2.60 -2.80 0
-2.60 -2.70 0
-2.60 -2.60 0
-2.60 -2.50 0
-2.60 -2.40 0
-2.60 -2.30 0
-2.60 -2.20 0
-2.60 -2.10 0
-2.60 -2.00 0
-2.60 -1.90 0
-2.60 -1.80 0
-2.60 -1.70 0
-2.60 -1.60 0
-2.60 -1.50 0
-2.60 -1.40 0
-2.60 -1.30 0
-2.60 -1.20 0
-2.60 -1.10 0
-2.60 -1.00 0
-2.60 -0.90 0
-2.60 -0.80 0
-2.60 -0.70 0
-2.60 -0.60 0
-2.60 -0.50 0
-2.60 -0.40 0
-2.60 -0.30 0
-2.60 -0.20 0
-2.60 -0.10 0
-2.60 0.00 0
-2.60 0.10 0
-2.60 0.20 0
-2.60 0.30 0
-2.60 0.40 0
-2.60 0.50 0
-2.60 0.60 0
-2.60 0.70 0
-2.60 0.80 0
-2.60 0.90 0
-2.60 1.00 0
-2.60 1.10 0
-2.60 1.20 0
-2.60 1.30 0
-2.60 1.40 0
-2.60 1.50 0
-2.60 1.60 0
-2.60 1.70 0
-2.60 1.80 0
-2.60 1.90 0
-2.60 2.00 0
-2.60 2.10 0
-2.60 2.20 0
-2.60 2.30 0
-2.60 2.40 0
-2.60 2.50 0
-2.60 2.60 0
-2.60 2.70 0
-2.60 2.80 0
-2.60 2.90 0
-2.50 -3.00 0
-2.50 -2.90 0
-2.50 -2.80 0
-2.50 -2.70 0
-2.50 -2.60 0
-2.50 -2.50 0
-2.50 -2.40 0
-2.50 -2.30 0
-2.50 -2.20 0
-2.50 -2.10 0
-2.50 -2.00 0
-2.50 -1.90 0
-2.50 -1.80 0
-2.50 -1.70 0
-2.50 -1.60 0
-2.50 -1.50 0
-2.50 -1.40 0
-2.50 -1.30 0
-2.50 -1.20 0
-2.50 -1.10 0
-2.50 -1.00 0
-2.50 -0.90 0
-2.50 -0.80 0
-2.50 -0.70 0
-2.50 -0.60 0
-2.50 -0.50 0
-2.50 -0.40 0
-2.50 -0.30 0
-2.50 -0.20 0
-2.50 -0.10 0
-2.50 0.00 0
-2.50 0.10 0
-2.50 0.20 0
-2.50 0.30 0
-2.50 0.40 0
-2.50 0.50 0
-2.50 0.60 0
-2.50 0.70 0
-2.50 0.80 0
-2.50 0.90 0
-2.50 1.00 0
-2.50 1.10 0
-2.50 1.20 0
-2.50 1.30 0
-2.50 1.40 0
-2.50 1.50 0
-2.50 1.60 0
-2.50 1.70 0
-2.50 1.80 0
-2.50 1.90 0
-2.50 2.00 0
-2.50 2.10 0
-2.50 2.20 0
-2.50 2.30 0
-2.50 2.40 0
-2.50 2.50 0
-2.50 2.60 0
-2.50 2.70 0
-2.50 2.80 0
-2.50 2.90 0
-2.40 -3.00 0
-2.40 -2.90 0
-2.40 -2.80 0
-2.40 -2.70 0
-2.40 -2.60 0
-2.40 -2.50 0
-2.40 -2.40 0
-2.40 -2.30 0
-2.40 -2.20 0
-2.40 -2.10 0
-2.40 -2.00 0
-2.40 -1.90 0
-2.40 -1.80 0
-2.40 -1.70 0
-2.40 -1.60 0
-2.40 -1.50 0
-2.40 -1.40 0
-2.40 -1.30 0
-2.40 -1.20 0
-2.40 -1.10 0
-2.40 -1.00 0
-2.40 -0.90 0
-2.40 -0.80 0
-2.40 -0.70 0
-2.40 -0.60 0
-2.40 -0.50 0
-2.40 -0.40 0
-2.40 -0.30 0
-2.40 -0.20 0
-2.40 -0.10 0
-2.40 0.00 0
-2.40 0.10 0
-2.40 0.20 0
-2.40 0.30 0
-2.40 0.40 0
-2.40 0.50 0
-2.40 0.60 0
-2.40 0.70 0
-2.40 0.80 0
-2.40 0.90 0
-2.40 1.00 0
-2.40 1.10 0
-2.40 1.20 0
-2.40 1.30 0
-2.40 1.40 0
-2.40 1.50 0
-2.40 1.60 0
-2.40 1.70 0
-2.40 1.80 0
-2.40 1.90 0
-2.40 2.00 0
-2.40 2.10 0
-2.40 2.20 0
-2.40 2.30 0
-2.40 2.40 0
-2.40 2.50 0
-2.40 2.60 0
-2.40 2.70 0
-2.40 2.80 0
-2.40 2.90 0
-2.30 -3.00 0
-2.30 -2.90 0
-2.30 -2.80 0
-2.30 -2.70 0
-2.30 -2.60 0
-2.30 -2.50 0
-2.30 -2.40 0
-2.30 -2.30 0
-2.30 -2.20 0
-2.30 -2.10 0
-2.30 -2.00 0
-2.30 -1.90 0
-2.30 -1.80 0
-2.30 -1.70 0
-2.30 -1.60 0
-2.30 -1.50 0
-2.30 -1.40 0
-2.30 -1.30 0
-2.30 -1.20 0
-2.30 -1.10 0
-2.30 -1.00 0
-2.30 -0.90 0
-2.30 -0.80 0
-2.30 -0.70 0
-2.30 -0.60 0
-2.30 -0.50 0
-2.30 -0.40 0
-2.30 -0.30 0
-2.30 -0.20 0
-2.30 -0.10 0
-2.30 0.00 0
-2.30 0.10 0
-2.30 0.20 0
-2.30 0.30 0
-2.30 0.40 0
-2.30 0.50 0
-2.30 0.60 0
-2.30 0.70 0
-2.30 0.80 0
-2.30 0.90 0
-2.30 1.00 0
-2.30 1.10 0
-2.30 1.20 0
-2.30 1.30 0
-2.30 1.40 0
-2.30 1.50 0
-2.30 1.60 0
-2.30 1.70 0
-2.30 1.80 0
-2.30 1.90 0
-2.30 2.00 0
-2.30 2.10 0
-2.30 2.20 0
-2.30 2.30 0
-2.30 2.40 0
-2.30 2.50 0
-2.30 2.60 0
-2.30 2.70 0
-2.30 2.80 0
-2.30 2.90 0
-2.20 -3.00 0
-2.20 -2.90 0
-2.20 -2.80 0
-2.20 -2.70 0
-2.20 -2.60 0
-2.20 -2.50 0
-2.20 -2.40 0
-2.20 -2.30 0
-2.20 -2.20 0
-2.20 -2.10 0
-2.20 -2.00 0
-2.20 -1.90 0
-2.20 -1.80 0
-2.20 -1.70 0
-2.20 -1.60 0
-2.20 -1.50 0
-2.20 -1.40 0
-2.20 -1.30 0
-2.20 -1.20 0
-2.20 -1.10 0
-2.20 -1.00 0
-2.20 -0.90 0
-2.20 -0.80 0
-2.20 -0.70 0
-2.20 -0.60 0
-2.20 -0.50 0
-2.20 -0.40 0
-2.20 -0.30 0
-2.20 -0.20 0
-2.20 -0.10 0
-2.20 0.00 0
-2.20 0.10 0
-2.20 0.20 0
-2.20 0.30 0
-2.20 0.40 0
-2.20 0.50 0
-2.20 0.60 0
-2.20 0.70 0
-2.20 0.80 0
-2.20 0.90 0
-2.20 1.00 0
-2.20 1.10 0
-2.20 1.20 0
-2.20 1.30 0
-2.20 1.40 0
-2.20 1.50 0
-2.20 1.60 0
-2.20 1.70 0
-2.20 1.80 0
-2.20 1.90 0
-2.20 2.00 0
-2.20 2.10 0
-2.20 2.20 0
-2.20 2.30 0
-2.20 2.40 0
-2.20 2.50 0
-2.20 2.60 0
-2.20 2.70 0
-2.20 2.80 0
-2.20 2.90 0
-2.10 -3.00 0
-2.10 -2.90 0
-2.10 -2.80 0
-2.10 -2.70 0
-2.10 -2.60 0
-2.10 -2.50 0
-2.10 -2.40 0
-2.10 -2.30 0
-2.10 -2.20 0
-2.10 -2.10 0
-2.10 -2.00 0
-2.10 -1.90 0
-2.10 -1.80 0
-2.10 -1.70 0
-2.10 -1.60 0
-2.10 -1.50 0
-2.10 -1.40 0
-2.10 -1.30 0
-2.10 -1.20 0
-2.10 -1.10 0
-2.10 -1.00 0
-2.10 -0.90 0
-2.10 -0.80 0
-2.10 -0.70 0
-2.10 -0.60 0
-2.10 -0.50 0
-2.10 -0.40 0
-2.10 -0.30 0
-2.10 -0.20 0
-2.10 -0.10 0
-2.10 0.00 0
-2.10 0.10 0
-2.10 0.20 0
-2.10 0.30 0
-2.10 0.40 0
-2.10 0.50 0
-2.10 0.60 0
-2.10 0.70 0
-2.10 0.80 0
-2.10 0.90 0
-2.10 1.00 0
-2.10 1.10 0
-2.10 1.20 0
-2.10 1.30 0
-2.10 1.40 0
-2.10 1.50 0
-2.10 1.60 0
-2.10 1.70 0
-2.10 1.80 0
-2.10 1.90 0
-2.10 2.00 0
-2.10 2.10 0
-2.10 2.20 0
-2.10 2.30 0
-2.10 2.40 0
-2.10 2.50 0
-2.10 2.60 0
-2.10 2.70 0
-2.10 2.80 0
-2.10 2.90 0
-2.00 -3.00 0
-2.00 -2.90 0
-2.00 -2.80 0
-2.00 -2.70 0
-2.00 -2.60 0
-2.00 -2.50 0
-2.00 -2.40 0
-2.00 -2.30 0
-2.00 -2.20 0
-2.00 -2.10 0
-2.00 -2.00 0
-2.00 -1.90 0
-2.00 -1.80 0
-2.00 -1.70 0
-2.00 -1.60 0
-2.00 -1.50 0
-2.00 -1.40 0
-2.00 -1.30 0
-2.00 -1.20 0
-2.00 -1.10 0
-2.00 -1.00 0
-2.00 -0.90 0
-2.00 -0.80 0
-2.00 -0.70 0
-2.00 -0.60 0
-2.00 -0.50 0
-2.00 -0.40 0
-2.00 -0.30 0
-2.00 -0.20 0
-2.00 -0.10 0
-2.00 0.00 0
-2.00 0.10 0
-2.00 0.20 0
-2.00 0.30 0
-2.00 0.40 0
-2.00 0.50 0
-2.00 0.60 0
-2.00 0.70 0
-2.00 0.80 0
-2.00 0.90 0
-2.00 1.00 0
-2.00 1.10 0
-2.00 1.20 0
-2.00 1.30 0
-2.00 1.40 0
-2.00 1.50 0
-2.00 1.60 0
-2.00 1.70 0
-2.00 1.80 0
-2.00 1.90 0
-2.00 2.00 0
-2.00 2.10 0
-2.00 2.20 0
-2.00 2.30 0
-2.00 2.40 0
-2.00 2.50 0
-2.00 2.60 0
-2.00 2.70 0
-2.00 2.80 0
-2.00 2.90 0
-1.90 -3.00 0
-1.90 -2.90 0
-1.90 -2.80 0
-1.90 -2.70 0
-1.90 -2.60 0
-1.90 -2.50 0
-1.90 -2.40 0
-1.90 -2.30 0
-1.90 -2.20 0
-1.90 -2.10 0
-1.90 -2.00 0
-1.90 -1.90 0
-1.90 -1.80 0
-1.90 -1.70 0
-1.90 -1.60 0
-1.90 -1.50 0
-1.90 -1.40 0
-1.90 -1.30 0
-1.90 -1.20 0
-1.90 -1.10 0
-1.90 -1.00 0
-1.90 -0.90 0
-1.90 -0.80 0
-1.90 -0.70 0
-1.90 -0.60 0
-1.90 -0.50 0
-1.90 -0.40 0
-1.90 -0.30 0
-1.90 -0.20 0
-1.90 -0.10 0
-1.90 0.00 0
-1.90 0.10 0
-1.90 0.20 0
-1.90 0.30 0
-1.90 0.40 0
-1.90 0.50 0
-1.90 0.60 0
-1.90 0.70 0
-1.90 0.80 0
-1.90 0.90 0
-1.90 1.00 0
-1.90 1.10 0
-1.90 1.20 0
-1.90 1.30 0
-1.90 1.40 0
-1.90 1.50 0
-1.90 1.60 0
-1.90 1.70 0
-1.90 1.80 0
-1.90 1.90 0
-1.90 2.00 0
-1.90 2.10 0
-1.90 2.20 0
-1.90 2.30 0
-1.90 2.40 0
-1.90 2.50 0
-1.90 2.60 0
-1.90 2.70 0
-1.90 2.80 0
-1.90 2.90 0
-1.80 -3.00 0
-1.80 -2.90 0
-1.80 -2.80 0
-1.80 -2.70 0
-1.80 -2.60 0
-1.80 -2.50 0
-1.80 -2.40 0
-1.80 -2.30 0
-1.80 -2.20 0
-1.80 -2.10 0
-1.80 -2.00 0
-1.80 -1.90 0
-1.80 -1.80 0
-1.80 -1.70 0
-1.80 -1.60 0
-1.80 -1.50 0
-1.80 -1.40 0
-1.80 -1.30 0
-1.80 -1.20 0
-1.80 -1.10 0
-1.80 -1.00 0
-1.80 -0.90 0
-1.80 -0.80 0
-1.80 -0.70 0
-1.80 -0.60 0
-1.80 -0.50 0
-1.80 -0.40 0
-1.80 -0.30 0
-1.80 -0.20 0
-1.80 -0.10 0
-1.80 0.00 0
-1.80 0.10 0
-1.80 0.20 0
-1.80 0.30 0
-1.80 0.40 0
-1.80 0.50 0
-1.80 0.60 0
-1.80 0.70 0
-1.80 0.80 0
-1.80 0.90 0
-1.80 1.00 0
-1.80 1.10 0
-1.80 1.20 0
-1.80 1.30 0
-1.80 1.40 0
-1.80 1.50 0
-1.80 1.60 0
-1.80 1.70 0
-1.80 1.80 0
-1.80 1.90 0
-1.80 2.00 0
-1.80 2.10 0
-1.80 2.20 0
-1.80 2.30 0
-1.80 2.40 0
-1.80 2.50 0
-1.80 2.60 0
-1.80 2.70 0
-1.80 2.80 0
-1.80 2.90 0
-1.70 -3.00 0
-1.70 -2.90 0
-1.70 -2.80 0
-1.70 -2.70 0
-1.70 -2.60 0
-1.70 -2.50 0
-1.70 -2.40 0
-1.70 -2.30 0
-1.70 -2.20 0
-1.70 -2.10 0
-1.70 -2.00 0
-1.70 -1.90 0
-1.70 -1.80 0
-1.70 -1.70 0
-1.70 -1.60 0
-1.70 -1.50 0
-1.70 -1.40 0
-1.70 -1.30 0
-1.70 -1.20 0
-1.70 -1.10 0
-1.70 -1.00 0
-1.70 -0.90 0
-1.70 -0.80 0
-1.70 -0.70 0
-1.70 -0.60 0
-1.70 -0.50 0
-1.70 -0.40 0
-1.70 -0.30 0
-1.70 -0.20 0
-1.70 -0.10 0
-1.70 0.00 0
-1.70 0.10 0
-1.70 0.20 0
-1.70 0.30 0
-1.70 0.40 0
-1.70 0.50 0
-1.70 0.60 0
-1.70 0.70 0
-1.70 0.80 0
-1.70 0.90 0
-1.70 1.00 0
-1.70 1.10 0
-1.70 1.20 0
-1.70 1.30 0
-1.70 1.40 0
-1.70 1.50 0
-1.70 1.60 0
-1.70 1.70 0
-1.70 1.80 0
-1.70 1.90 0
-1.70 2.00 0
-1.70 2.10 0
-1.70 2.20 0
-1.70 2.30 0
-1.70 2.40 0
-1.70 2.50 0
-1.70 2.60 0
-1.70 2.70 0
-1.70 2.80 0
-1.70 2.90 0
-1.60 -3.00 0
-1.60 -2.90 0
-1.60 -2.80 0
-1.60 -2.70 0
-1.60 -2.60 0
-1.60 -2.50 0
-1.60 -2.40 0
-1.60 -2.30 0
-1.60 -2.20 0
-1.60 -2.10 0
-1.60 -2.00 0
-1.60 -1.90 0
-1.60 -1.80 0
-1.60 -1.70 0
-1.60 -1.60 0
-1.60 -1.50 0
-1.60 -1.40 0
-1.60 -1.30 0
-1.60 -1.20 0
-1.60 -1.10 0
-1.60 -1.00 0
-1.60 -0.90 0
-1.60 -0.80 0
-1.60 -0.70 0
-1.60 -0.60 0
-1.60 -0.50 0
-1.60 -0.40 0
-1.60 -0.30 0
-1.60 -0.20 0
-1.60 -0.10 0
-1.60 0.00 0
-1.60 0.10 0
-1.60 0.20 0
-1.60 0.30 0
-1.60 0.40 0
-1.60 0.50 0
-1.60 0.60 0
-1.60 0.70 0
-1.60 0.80 0
-1.60 0.90 0
-1.60 1.00 0
-1.60 1.10 0
-1.60 1.20 0
-1.60 1.30 0
-1.60 1.40 0
-1.60 1.50 0
-1.60 1.60 0
-1.60 1.70 0
-1.60 1.80 0
-1.60 1.90 0
-1.60 2.00 0
-1.60 2.10 0
-1.60 2.20 0
-1.60 2.30 0
-1.60 2.40 0
-1.60 2.50 0
-1.60 2.60 0
-1.60 2.70 0
-1.60 2.80 0
-1.60 2.90 0
-1.50 -3.00 0
-1.50 -2.90 0
-1.50 -2.80 0
-1.50 -2.70 0
-1.50 -2.60 0
-1.50 -2.50 0
-1.50 -2.40 0
-1.50 -2.30 0
-1.50 -2.20 0
-1.50 -2.10 0
-1.50 -2.00 0
-1.50 -1.90 0
-1.50 -1.80 0
-1.50 -1.70 0
-1.50 -1.60 0
-1.50 -1.50 0
-1.50 -1.40 0
-1.50 -1.30 0
-1.50 -1.20 0
-1.50 -1.10 0
-1.50 -1.00 0
-1.50 -0.90 0
-1.50 -0.80 0
-1.50 -0.70 0
-1.50 -0.60 0
-1.50 -0.50 0
-1.50 -0.40 0
-1.50 -0.30 0
-1.50 -0.20 0
-1.50 -0.10 0
-1.50 0.00 0
-1.50 0.10 0
-1.50 0.20 0
-1.50 0.30 0
-1.50 0.40 0
-1.50 0.50 0
-1.50 0.60 0
-1.50 0.70 0
-1.50 0.80 0
-1.50 0.90 0
-1.50 1.00 0
-1.50 1.10 0
-1.50 1.20 0
-1.50 1.30 0
-1.50 1.40 0
-1.50 1.50 0
-1.50 1.60 0
-1.50 1.70 0
-1.50 1.80 0
-1.50 1.90 0
-1.50 2.00 0
-1.50 2.10 0
-1.50 2.20 0
-1.50 2.30 0
-1.50 2.40 0
-1.50 2.50 0
-1.50 2.60 0
-1.50 2.70 0
-1.50 2.80 0
-1.50 2.90 0
-1.40 -3.00 1
-1.40 -2.90 0
-1.40 -2.80 0
-1.40 -2.70 0
-1.40 -2.60 0
-1.40 -2.50 0
-1.40 -2.40 0
-1.40 -2.30 0
-1.40 -2.20 0
-1.40 -2.10 0
-1.40 -2.00 0
-1.40 -1.90 0
-1.40 -1.80 0
-1.40 -1.70 0
-1.40 -1.60 0
-1.40 -1.50 0
-1.40 -1.40 0
-1.40 -1.30 0
-1.40 -1.20 0
-1.40 -1.10 0
-1.40 -1.00 0
-1.40 -0.90 0
-1.40 -0.80 0
-1.40 -0.70 0
-1.40 -0.60 0
-1.40 -0.50 0
-1.40 -0.40 0
-1.40 -0.30 0
-1.40 -0.20 0
-1.40 -0.10 0
-1.40 0.00 0
-1.40 0.10 0
-1.40 0.20 0
-1.40 0.30 0
-1.40 0.40 0
-1.40 0.50 0
-1.40 0.60 0
-1.40 0.70 0
-1.40 0.80 0
-1.40 0.90 0
-1.40 1.00 0
-1.40 1.10 0
-1.40 1.20 0
-1.40 1.30 0
-1.40 1.40 0
-1.40 1.50 0
-1.40 1.60 0
-1.40 1.70 0
-1.40 1.80 0
-1.40 1.90 0
-1.40 2.00 0
-1.40 2.10 0
-1.40 2.20 0
-1.40 2.30 0
-1.40 2.40 0
-1.40 2.50 0
-1.40 2.60 0
-1.40 2.70 0
-1.40 2.80 0
-1.40 2.90 0
-1.30 -3.00 1
-1.30 -2.90 1
-1.30 -2.80 1
-1.30 -2.70 0
-1.30 -2.60 0
-1.30 -2.50 0
-1.30 -2.40 0
-1.30 -2.30 0
-1.30 -2.20 0
-1.30 -2.10 0
-1.30 -2.00 0
-1.30 -1.90 0
-1.30 -1.80 0
-1.30 -1.70 0
-1.30 -1.60 0
-1.30 -1.50 0
-1.30 -1.40 0
-1.30 -1.30 0
-1.30 -1.20 0
-1.30 -1.10 0
-1.30 -1.00 0
-1.30 -0.90 0
-1.30 -0.80 0
-1.30 -0.70 0
-1.30 -0.60 0
-1.30 -0.50 0
-1.30 -0.40 0
-1.30 -0.30 0
-1.30 -0.20 0
-1.30 -0.10 0
-1.30 0.00 0
-1.30 0.10 0
-1.30 0.20 0
-1.30 0.30 0
-1.30 0.40 0
-1.30 0.50 0
-1.30 0.60 0
-1.30 0.70 0
-1.30 0.80 0
-1.30 0.90 0
-1.30 1.00 0
-1.30 1.10 0
-1.30 1.20 0
-1.30 1.30 0
-1.30 1.40 0
-1.30 1.50 0
-1.30 1.60 0
-1.30 1.70 0
-1.30 1.80 0
-1.30 1.90 0
-1.30 2.00 0
-1.30 2.10 0
-1.30 2.20 0
-1.30 2.30 0
-1.30 2.40 0
-1.30 2.50 0
-1.30 2.60 0
-1.30 2.70 0
-1.30 2.80 0
-1.30 2.90 0
-1.20 -3.00 1
-1.20 -2.90 1
-1.20 -2.80 1
-1.20 -2.70 1
-1.20 -2.60 1
-1.20 -2.50 1
-1.20 -2.40 0
-1.20 -2.30 0
-1.20 -2.20 0
-1.20 -2.10 0
-1.20 -2.00 0
-1.20 -1.90 0
-1.20 -1.80 0
-1.20 -1.70 0
-1.20 -1.60 0
-1.20 -1.50 0
-1.20 -1.40 0
-1.20 -1.30 0
-1.20 -1.20 0
-1.20 -1.10 0
-1.20 -1.00 0
-1.20 -0.90 0
-1.20 -0.80 0
-1.20 -0.70 0
-1.20 -0.60 0
-1.20 -0.50 0
-1.20 -0.40 0
-1.20 -0.30 0
-1.20 -0.20 0
-1.20 -0.10 0
-1.20 0.00 0
-1.20 0.10 0
-1.20 0.20 0
-1.20 0.30 0
-1.20 0.40 0
-1.20 0.50 0
-1.20 0.60 0
-1.20 0.70 0
-1.20 0.80 0
-1.20 0.90 0
-1.20 1.00 0
-1.20 1.10 0
-1.20 1.20 0
-1.20 1.30 0
-1.20 1.40 0
-1.20 1.50 0
-1.20 1.60 0
-1.20 1.70 0
-1.20 1.80 0
-1.20 1.90 0
-1.20 2.00 0
-1.20 2.10 0
-1.20 2.20 0
-1.20 2.30 0
-1.20 2.40 0
-1.20 2.50 0
-1.20 2.60 0
-1.20 2.70 0
-1.20 2.80 0
-1.20 2.90 0
-1.10 -3.00 1
-1.10 -2.90 1
-1.10 -2.80 1
-1.10 -2.70 1
-1.10 -2.60 1
-1.10 -2.50 1
-1.10 -2.40 1
-1.10 -2.30 1
-1.10 -2.20 0
-1.10 -2.10 0
-1.10 -2.00 0
-1.10 -1.90 0
-1.10 -1.80 0
-1.10 -1.70 0
-1.10 -1.60 0
-1.10 -1.50 0
-1.10 -1.40 0
-1.10 -1.30 0
-1.10 -1.20 0
-1.10 -1.10 0
-1.10 -1.00 0
-1.10 -0.90 0
-1.10 -0.80 0
-1.10 -0.70 0
-1.10 -0.60 0
-1.10 -0.50 0
-1.10 -0.40 0
-1.10 -0.30 0
-1.10 -0.20 0
-1.10 -0.10 0
-1.10 0.00 0
-1.10 0.10 0
-1.10 0.20 0
-1.10 0.30 0
-1.10 0.40 0
-1.10 0.50 0
-1.10 0.60 0
-1.10 0.70 0
-1.10 0.80 0
-1.10 0.90 0
-1.10 1.00 0
-1.10 1.10 0
-1.10 1.20 0
-1.10 1.30 0
-1.10 1.40 0
-1.10 1.50 0
-1.10 1.60 0
-1.10 1.70 0
-1.10 1.80 0
-1.10 1.90 0
-1.10 2.00 0
-1.10 2.10 0
-1.10 2.20 0
-1.10 2.30 0
-1.10 2.40 0
-1.10 2.50 0
-1.10 2.60 0
-1.10 2.70 0
-1.10 2.80 0
-1.10 2.90 0
-1.00 -3.00 1
-1.00 -2.90 1
-1.00 -2.80 1
-1.00 -2.70 1
-1.00 -2.60 1
-1.00 -2.50 1
-1.00 -2.40 1
-1.00 -2.30 1
-1.00 -2.20 1
-1.00 -2.10 1
-1.00 -2.00 0
-1.00 -1.90 0
-1.00 -1.80 0
-1.00 -1.70 0
-1.00 -1.60 0
-1.00 -1.50 0
-1.00 -1.40 0
-1.00 -1.30 0
-1.00 -1.20 0
-1.00 -1.10 0
-1.00 -1.00 0
-1.00 -0.90 0
-1.00 -0.80 0
-1.00 -0.70 0
-1.00 -0.60 0
-1.00 -0.50 0
-1.00 -0.40 0
-1.00 -0.30 0
-1.00 -0.20 0
-1.00 -0.10 0
-1.00 0.00 0
-1.00 0.10 0
-1.00 0.20 0
-1.00 0.30 0
-1.00 0.40 0
-1.00 0.50 0
-1.00 0.60 0
-1.00 0.70 0
-1.00 0.80 0
-1.00 0.90 0
-1.00 1.00 0
-1.00 1.10 0
-1.00 1.20 0
-1.00 1.30 0
-1.00 1.40 0
-1.00 1.50 0
-1.00 1.60 0
-1.00 1.70 0
-1.00 1.80 0
-1.00 1.90 0
-1.00 2.00 0
-1.00 2.10 0
-1.00 2.20 0
-1.00 2.30 0
-1.00 2.40 0
-1.00 2.50 0
-1.00 2.60 0
-1.00 2.70 0
-1.00 2.80 0
-1.00 2.90 0
-0.90 -3.00 1
-0.90 -2.90 1
-0.90 -2.80 1
-0.90 -2.70 1
-0.90 -2.60 1
-0.90 -2.50 1
-0.90 -2.40 1
-0.90 -2.30 1
-0.90 -2.20 1
-0.90 -2.10 1
-0.90 -2.00 1
-0.90 -1.90 1
-0.90 -1.80 0
-0.90 -1.70 0
-0.90 -1.60 0
-0.90 -1.50 0
-0.90 -1.40 0
-0.90 -1.30 0
-0.90 -1.20 0
-0.90 -1.10 0
-0.90 -1.00 0
-0.90 -0.90 0
-0.90 -0.80 0
-0.90 -0.70 0
-0.90 -0.60 0
-0.90 -0.50 0
-0.90 -0.40 0
-0.90 -0.30 0
-0.90 -0.20 0
-0.90 -0.10 0
-0.90 0.00 0
-0.90 0.10 0
-0.90 0.20 0
-0.90 0.30 0
-0.90 0.40 0
-0.90 0.50 0
-0.90 0.60 0
-0.90 0.70 0
-0.90 0.80 0
-0.90 0.90 0
-0.90 1.00 0
-0.90 1.10 0
-0.90 1.20 0
-0.90 1.30 0
-0.90 1.40 0
-0.90 1.50 0
-0.90 1.60 0
-0.90 1.70 0
-0.90 1.80 0
-0.90 1.90 0
-0.90 2.00 0
-0.90 2.10 0
-0.90 2.20 0
-0.90 2.30 0
-0.90 2.40 0
-0.90 2.50 0
-0.90 2.60 0
-0.90 2.70 0
-0.90 2.80 0
-0.90 2.90 0
-0.80 -3.00 1
-0.80 -2.90 1
-0.80 -2.80 1
-0.80 -2.70 1
-0.80 -2.60 1
-0.80 -2.50 1
-0.80 -2.40 1
-0.80 -2.30 1
-0.80 -2.20 1
-0.80 -2.10 1
-0.80 -2.00 1
-0.80 -1.90 1
-0.80 -1.80 1
-0.80 -1.70 1
-0.80 -1.60 1
-0.80 -1.50 0
-0.80 -1.40 0
-0.80 -1.30 0
-0.80 -1.20 0
-0.80 -1.10 0
-0.80 -1.00 0
-0.80 -0.90 0
-0.80 -0.80 0
-0.80 -0.70 0
-0.80 -0.60 0
-0.80 -0.50 0
-0.80 -0.40 0
-0.80 -0.30 0
-0.80 -0.20 0
-0.80 -0.10 0
-0.80 0.00 0
-0.80 0.10 0
-0.80 0.20 0
-0.80 0.30 0
-0.80 0.40 0
-0.80 0.50 0
-0.80 0.60 0
-0.80 0.70 0
-0.80 0.80 0
-0.80 0.90 0
-0.80 1.00 0
-0.80 1.10 0
-0.80 1.20 0
-0.80 1.30 0
-0.80 1.40 0
-0.80 1.50 0
-0.80 1.60 0
-0.80 1.70 0
-0.80 1.80 0
-0.80 1.90 0
-0.80 2.00 0
-0.80 2.10 0
-0.80 2.20 0
-0.80 2.30 0
-0.80 2.40 0
-0.80 2.50 0
-0.80 2.60 0
-0.80 2.70 0
-0.80 2.80 0
-0.80 2.90 0
-0.70 -3.00 1
-0.70 -2.90 1
-0.70 -2.80 1
-0.70 -2.70 1
-0.70 -2.60 1
-0.70 -2.50 1
-0.70 -2.40 1
-0.70 -2.30 1
-0.70 -2.20 1
-0.70 -2.10 1
-0.70 -2.00 1
-0.70 -1.90 1
-0.70 -1.80 1
-0.70 -1.70 1
-0.70 -1.60 1
-0.70 -1.50 1
-0.70 -1.40 1
-0.70 -1.30 0
-0.70 -1.20 0
-0.70 -1.10 0
-0.70 -1.00 0
-0.70 -0.90 0
-0.70 -0.80 0
-0.70 -0.70 0
-0.70 -0.60 0
-0.70 -0.50 0
-0.70 -0.40 0
-0.70 -0.30 0
-0.70 -0.20 0
-0.70 -0.10 0
-0.70 0.00 0
-0.70 0.10 0
-0.70 0.20 0
-0.70 0.30 0
-0.70 0.40 0
-0.70 0.50 0
-0.70 0.60 0
-0.70 0.70 0
-0.70 0.80 0
-0.70 0.90 0
-0.70 1.00 0
-0.70 1.10 0
-0.70 1.20 0
-0.70 1.30 0
-0.70 1.40 0
-0.70 1.50 0
-0.70 1.60 0
-0.70 1.70 0
-0.70 1.80 0
-0.70 1.90 0
-0.70 2.00 0
-0.70 2.10 0
-0.70 2.20 0
-0.70 2.30 0
-0.70 2.40 0
-0.70 2.50 0
-0.70 2.60 0
-0.70 2.70 0
-0.70 2.80 0
-0.70 2.90 0
-0.60 -3.00 1
-0.60 -2.90 1
-0.60 -2.80 1
-0.60 -2.70 1
-0.60 -2.60 1
-0.60 -2.50 1
-0.60 -2.40 1
-0.60 -2.30 1
-0.60 -2.20 1
-0.60 -2.10 1
-0.60 -2.00 1
-0.60 -1.90 1
-0.60 -1.80 1
-0.60 -1.70 1
-0.60 -1.60 1
-0.60 -1.50 1
-0.60 -1.40 1
-0.60 -1.30 1
-0.60 -1.20 1
-0.60 -1.10 0
-0.60 -1.00 0
-0.60 -0.90 0
-0.60 -0.80 0
-0.60 -0.70 0
-0.60 -0.60 0
-0.60 -0.50 0
-0.60 -0.40 0
-0.60 -0.30 0
-0.60 -0.20 0
-0.60 -0.10 0
-0.60 0.00 0
-0.60 0.10 0
-0.60 0.20 0
-0.60 0.30 0
-0.60 0.40 0
-0.60 0.50 0
-0.60 0.60 0
-0.60 0.70 0
-0.60 0.80 0
-0.60 0.90 0
-0.60 1.00 0
-0.60 1.10 0
-0.60 1.20 0
-0.60 1.30 0
-0.60 1.40 0
-0.60 1.50 0
-0.60 1.60 0
-0.60 1.70 0
-0.60 1.80 0
-0.60 1.90 0
-0.60 2.00 0
-0.60 2.10 0
-0.60 2.20 0
-0.60 2.30 0
-0.60 2.40 0
-0.60 2.50 0
-0.60 2.60 0
-0.60 2.70 0
-0.60 2.80 0
-0.60 2.90 0
-0.50 -3.00 1
-0.50 -2.90 1
-0.50 -2.80 1
-0.50 -2.70 1
-0.50 -2.60 1
-0.50 -2.50 1
-0.50 -2.40 1
-0.50 -2.30 1
-0.50 -2.20 1
-0.50 -2.10 1
-0.50 -2.00 1
-0.50 -1.90 1
-0.50 -1.80 1
-0.50 -1.70 1
-0.50 -1.60 1
-0.50 -1.50 1
-0.50 -1.40 1
-0.50 -1.30 1
-0.50 -1.20 1
-0.50 -1.10 1
-0.50 -1.00 1
-0.50 -0.90 0
-0.50 -0.80 0
-0.50 -0.70 0
-0.50 -0.60 0
-0.50 -0.50 0
-0.50 -0.40 0
-0.50 -0.30 0
-0.50 -0.20 0
-0.50 -0.10 0
-0.50 0.00 0
-0.50 0.10 0
-0.50 0.20 0
-0.50 0.30 0
-0.50 0.40 0
-0.50 0.50 0
-0.50 0.60 0
-0.50 0.70 0
-0.50 0.80 0
-0.50 0.90 0
-0.50 1.00 0
-0.50 1.10 0
-0.50 1.20 0
-0.50 1.30 0
-0.50 1.40 0
-0.50 1.50 0
-0.50 1.60 0
-0.50 1.70 0
-0.50 1.80 0
-0.50 1.90 0
-0.50 2.00 0
-0.50 2.10 0
-0.50 2.20 0
-0.50 2.30 0
-0.50 2.40 0
-0.50 2.50 0
-0.50 2.60 0
-0.50 2.70 0
-0.50 2.80 0
-0.50 2.90 0
-0.40 -3.00 1
-0.40 -2.90 1
-0.40 -2.80 1
-0.40 -2.70 1
-0.40 -2.60 1
-0.40 -2.50 1
-0.40 -2.40 1
-0.40 -2.30 1
-0.40 -2.20 1
-0.40 -2.10 1
-0.40 -2.00 1
-0.40 -1.90 1
-0.40 -1.80 1
-0.40 -1.70 1
-0.40 -1.60 1
-0.40 -1.50 1
-0.40 -1.40 1
-0.40 -1.30 1
-0.40 -1.20 1
-0.40 -1.10 1
-0.40 -1.00 1
-0.40 -0.90 1
-0.40 -0.80 1
-0.40 -0.70 0
-0.40 -0.60 0
-0.40 -0.50 0
-0.40 -0.40 0
-0.40 -0.30 0
-0.40 -0.20 0
-0.40 -0.10 0
-0.40 0.00 0
-0.40 0.10 0
-0.40 0.20 0
-0.40 0.30 0
-0.40 0.40 0
-0.40 0.50 0
-0.40 0.60 0
-0.40 0.70 0
-0.40 0.80 0
-0.40 0.90 0
-0.40 1.00 0
-0.40 1.10 0
-0.40 1.20 0
-0.40 1.30 0
-0.40 1.40 0
-0.40 1.50 0
-0.40 1.60 0
-0.40 1.70 0
-0.40 1.80 0
-0.40 1.90 0
-0.40 2.00 0
-0.40 2.10 0
-0.40 2.20 0
-0.40 2.30 0
-0.40 2.40 0
-0.40 2.50 0
-0.40 2.60 0
-0.40 2.70 0
-0.40 2.80 0
-0.40 2.90 0
-0.30 -3.00 1
-0.30 -2.90 1
-0.30 -2.80 1
-0.30 -2.70 1
-0.30 -2.60 1
-0.30 -2.50 1
-0.30 -2.40 1
-0.30 -2.30 1
-0.30 -2.20 1
-0.30 -2.10 1
-0.30 -2.00 1
-0.30 -1.90 1
-0.30 -1.80 1
-0.30 -1.70 1
-0.30 -1.60 1
-0.30 -1.50 1
-0.30 -1.40 1
-0.30 -1.30 1
-0.30 -1.20 1
-0.30 -1.10 1
-0.30 -1.00 1
-0.30 -0.90 1
-0.30 -0.80 1
-0.30 -0.70 1
-0.30 -0.60 1
-0.30 -0.50 1
-0.30 -0.40 0
-0.30 -0.30 0
-0.30 -0.20 0
-0.30 -0.10 0
-0.30 0.00 0
-0.30 0.10 0
-0.30 0.20 0
-0.30 0.30 0
-0.30 0.40 0
-0.30 0.50 0
-0.30 0.60 0
-0.30 0.70 0
-0.30 0.80 0
-0.30 0.90 0
-0.30 1.00 0
-0.30 1.10 0
-0.30 1.20 0
-0.30 1.30 0
-0.30 1.40 0
-0.30 1.50 0
-0.30 1.60 0
-0.30 1.70 0
-0.30 1.80 0
-0.30 1.90 0
-0.30 2.00 0
-0.30 2.10 0
-0.30 2.20 0
-0.30 2.30 0
-0.30 2.40 0
-0.30 2.50 0
-0.30 2.60 0
-0.30 2.70 0
-0.30 2.80 0
-0.30 2.90 0
-0.20 -3.00 1
-0.20 -2.90 1
-0.20 -2.80 1
-0.20 -2.70 1
-0.20 -2.60 1
-0.20 -2.50 1
-0.20 -2.40 1
-0.20 -2.30 1
-0.20 -2.20 1
-0.20 -2.10 1
-0.20 -2.00 1
-0.20 -1.90 1
-0.20 -1.80 1
-0.20 -1.70 1
-0.20 -1.60 1
-0.20 -1.50 1
-0.20 -1.40 1
-0.20 -1.30 1
-0.20 -1.20 1
-0.20 -1.10 1
-0.20 -1.00 1
-0.20 -0.90 1
-0.20 -0.80 1
-0.20 -0.70 1
-0.20 -0.60 1
-0.20 -0.50 1
-0.20 -0.40 1
-0.20 -0.30 1
-0.20 -0.20 1
-0.20 -0.10 0
-0.20 0.00 0
-0.20 0.10 0
-0.20 0.20 0
-0.20 0.30 0
-0.20 0.40 0
-0.20 0.50 0
-0.20 0.60 0
-0.20 0.70 0
-0.20 0.80 0
-0.20 0.90 0
-0.20 1.00 0
-0.20 1.10 0
-0.20 1.20 0
-0.20 1.30 0
-0.20 1.40 0
-0.20 1.50 0
-0.20 1.60 0
-0.20 1.70 0
-0.20 1.80 0
-0.20 1.90 0
-0.20 2.00 0
-0.20 2.10 0
-0.20 2.20 0
-0.20 2.30 0
-0.20 2.40 0
-0.20 2.50 0
-0.20 2.60 0
-0.20 2.70 0
-0.20 2.80 0
-0.20 2.90 0
-0.10 -3.00 1
-0.10 -2.90 1
-0.10 -2.80 1
-0.10 -2.70 1
-0.10 -2.60 1
-0.10 -2.50 1
-0.10 -2.40 1
-0.10 -2.30 1
-0.10 -2.20 1
-0.10 -2.10 1
-0.10 -2.00 1
-0.10 -1.90 1
-0.10 -1.80 1
-0.10 -1.70 1
-0.10 -1.60 1
-0.10 -1.50 1
-0.10 -1.40 1
-0.10 -1.30 1
-0.10 -1.20 1
-0.10 -1.10 1
-0.10 -1.00 1
-0.10 -0.90 1
-0.10 -0.80 1
-0.10 -0.70 1
-0.10 -0.60 1
-0.10 -0.50 1
-0.10 -0.40 1
-0.10 -0.30 1
-0.10 -0.20 1
-0.10 -0.10 1
-0.10 0.00 0
-0.10 0.10 0
-0.10 0.20 0
-0.10 0.30 0
-0.10 0.40 0
-0.10 0.50 0
-0.10 0.60 0
-0.10 0.70 0
-0.10 0.80 0
-0.10 0.90 0
-0.10 1.00 0
-0.10 1.10 0
-0.10 1.20 0
-0.10 1.30 0
-0.10 1.40 0
-0.10 1.50 0
-0.10 1.60 0
-0.10 1.70 0
-0.10 1.80 0
-0.10 1.90 0
-0.10 2.00 0
-0.10 2.10 0
-0.10 2.20 0
-0.10 2.30 0
-0.10 2.40 0
-0.10 2.50 0
-0.10 2.60 0
-0.10 2.70 0
-0.10 2.80 0
-0.10 2.90 0
1.72	-0.15	1.00
0.23	1.10	-1.00
1.21	-0.46	1.00
0.13	1.01	-1.00
-0.09	1.04	-1.00
1.58	-0.09	1.00
1.01	-0.48	1.00
1.67	-0.37	1.00
0.76	0.54	-1.00
0.66	0.95	-1.00
-0.19	1.06	-1.00
0.92	-0.53	1.00
1.82	-0.20	1.00
0.45	0.82	-1.00
0.46	0.91	-1.00
0.43	-0.51	1.00
-0.89	0.25	-1.00
0.90	0.61	-1.00
0.20	0.74	-1.00
-0.87	0.42	-1.00
2.14	0.20	1.00
0.65	-0.42	1.00
-0.08	0.91	-1.00
1.79	0.34	1.00
-1.04	0.33	-1.00
1.04	0.25	-1.00
-1.06	0.14	-1.00
1.27	-0.52	1.00
-0.54	0.85	-1.00
1.94	0.31	1.00
1.40	-0.39	1.00
1.74	0.49	1.00
0.41	1.01	-1.00
1.81	-0.05	1.00
2.02	0.09	1.00
-0.81	0.19	-1.00
0.13	0.09	1.00
0.16	0.42	1.00
-0.12	0.14	1.00
0.33	-0.34	1.00
1.04	0.25	-1.00
-0.21	1.10	-1.00
0.30	0.03	1.00
0.89	-0.66	1.00
0.47	0.89	-1.00
0.42	-0.30	1.00
2.11	0.07	1.00
0.97	0.53	-1.00
0.01	-0.07	1.00
-0.03	0.43	1.00
-0.83	0.67	-1.00
0.27	0.97	-1.00
1.78	0.28	1.00
0.99	0.07	-1.00
0.37	-0.34	1.00
0.02	1.01	-1.00
0.69	-0.38	1.00
0.35	-0.22	1.00
0.84	0.64	-1.00
0.19	-0.26	1.00
-0.65	0.63	-1.00
-1.01	-0.18	-1.00
0.54	0.65	-1.00
1.64	-0.28	1.00
1.88	-0.08	1.00
-0.03	0.28	1.00
-0.03	1.02	-1.00
-0.39	1.01	-1.00
1.44	-0.48	1.00
0.97	-0.54	1.00
1.19	-0.02	-1.00
1.00	0.22	-1.00
0.85	0.47	-1.00
0.19	0.14	1.00
-0.90	0.72	-1.00
-0.33	0.88	-1.00
1.07	0.15	-1.00
-0.96	0.16	-1.00
-0.27	0.91	-1.00
-0.88	0.35	-1.00
-0.76	0.84	-1.00
1.31	-0.33	1.00
1.16	-0.39	1.00
-0.76	0.81	-1.00
0.24	-0.32	1.00
0.89	0.48	-1.00
-0.66	0.85	-1.00
1.76	0.02	1.00
-0.11	0.26	1.00
1.93	-0.09	1.00
0.12	1.04	-1.00
0.74	0.66	-1.00
-1.03	0.11	-1.00
0.56	-0.29	1.00
-0.89	0.44	-1.00
0.74	-0.52	1.00
0.62	-0.36	1.00
-0.03	0.68	1.00
0.71	-0.25	1.00
1.47	-0.47	1.00